72
15
63
29
54
91
53
82
10
10
77
26
81
60
78
0
5
40
43
24
95
36
35
96
81
37
97
94
64
69
19
88
84
52
79
73
97
37
41
21
63
78
72
45
34
5
75
85
15
31
92
71
30
73
0
69
28
45
42
83
39
90
54
31
69
21
42
25
2
82
76
83
90
79
95
37
86
52
8
86
80
39
78
45
50
30
65
4
64
4
36
7
58
80
46
67
52
10
47
65
77
77
29
50
27
29
90
10
49
10
17
71
81
49
12
40
5
12
44
42
12
93
24
70
29
4
73
80
59
90
35
97
98
42
14
37
7
23
36
60
47
20
94
27
69
81
98
37
76
53
92
45
20
65
18
96
78
21
66
59
64
6
94
32
96
45
54
97
85
58
82
79
35
9
7
38
84
70
98
52
43
31
4
68
53
44
24
36
27
95
60
72
75
50
15
4
40
22
36
52
41
34
83
34
11
9
5
44
46
17
37
97
49
61
98
8
54
18
53
44
30
58
21
50
74
89
46
87
74
49
98
25
59
10
79
27
5
60
42
3
28
94
89
44
4
31
9
20
11
38
67
10
88
38
64
49
63
16
24
51
86
95
55
93
96
35
76
64
5
46
43
28
69
92
86
93
62
65
57
60
52
49
62
44
68
59
20
2
25
35
48
74
16
43
71
35
11
13
23
31
57
91
24
85
81
64
55
68
8
19
58
5
54
90
39
12
17
1
27
88
24
25
72
81
11
36
98
56
37
11
51
54
99
0
13
61
8
41
57
32
5
22
40
26
60
30
58
35
50
77
28
87
17
35
45
4
40
93
72
7
28
62
33
78
81
24
79
1
67
33
20
7
59
84
38
72
62
69
30
97
68
70
87
72
35
57
45
99
99
47
1
32
74
30
28
47
57
82
44
0
29
26
86
99
92
51
18
30
21
7
96
78
87
96
67
47
54
34
8
6
68
43
45
60
66
46
86
9
19
60
77
82
15
8
62
82
33
34
39
48
63
7
43
42
74
23
82
18
59
47
33
1
30
82
48
62
65
43
39
8
5
22
15
72
55
12
22
46
14
85
93
55
91
62
95
37
31
3
35
39
9
35
61
39
70
58
66
27
13
65
56
48
93
50
40
6
55
30
66
80
39
40
84
15
54
7
14
15
16
29
18
78
4
84
3
62
44
89
83
30
28
83
77
81
20
46
70
90
26
86
87
0
99
64
85
2
94
79
5
12
6
51
23
26
84
67
64
65
84
54
27
31
58
18
21
70
98
44
31
87
9
91
89
42
75
7
26
55
61
78
43
39
21
7
10
83
98
43
51
47
62
57
82
75
77
37
56
85
31
30
61
66
35
50
59
94
31
71
28
35
66
87
1
42
60
64
63
10
44
10
77
25
41
71
96
93
15
2
23
12
54
71
30
25
64
2
93
64
75
83
99
28
94
71
42
75
21
86
70
78
33
9
61
72
6
34
85
30
99
31
38
9
64
67
40
59
12
69
96
31
94
83
87
57
35
98
80
79
74
65
23
32
18
44
64
58
53
32
25
25
38
76
60
10
69
42
61
29
68
72
96
65
86
11
44
27
32
35
35
31
68
49
18
43
57
94
73
88
14
99
49
50
18
14
57
80
29
17
79
62
31
82
4
97
65
3
87
29
85
23
24
5
90
63
27
35
93
95
73
38
60
37
39
62
9
37
63
35
72
42
37
43
49
9
57
6
24
64
34
32
39
74
34
54
62
66
47
41
94
21
20
20
76
9
0
68
51
73
31
35
45
67
78
63
74
38
78
5
18
20
86
31
17
35
34
82
42
5
80
40
93
10
85
13
54
48
57
45
70
49
56
8
45
95
8
34
27
68
68
38
97
65
20
42
87
35
72
64
3
2
67
25
65
23
20
23
74
44
60
16
36
90
63
54
88
6
74
25
15
72
90
78
11
70
90
42
33
10
7
50
69
32
52
39
10
79
98
41
48
55
22
10
60
99
75
64
38
4
88
55
62
30
69
95
81
7
89
2
48
91
87
39
87
44
40
58
76
59
43
98
47
23
28
41
74
33
62
20
50
2
61
13
53
18
24
18
15
29
62
35
83
19
94
38
11
20
37
87
92
75
14
75
8
86
92
0
43
12
44
80
65
30
75
46
35
79
92
62
60
46
83
68
79
94
93
53
35
74
40
93
73
27
72
77
99
35
28
52
34
51
90
70
63
14
29
46
72
57
69
9
6
84
90
33
54
43
58
58
92
93
62
69
55
22
96
90
76
62
38
92
