29
63
8
98
83
33
2
73
52
3
20
27
27
20
98
68
98
60
3
71
67
16
35
97
32
21
85
44
43
36
54
1
64
3
63
56
57
17
81
10
69
72
20
93
60
24
13
72
71
41
77
17
67
42
16
12
33
72
95
47
90
37
34
44
60
50
93
28
45
73
46
52
6
9
64
30
5
96
76
63
6
15
17
24
88
28
34
7
72
52
47
78
1
49
68
44
55
47
24
45
15
60
74
17
28
10
90
97
21
0
2
53
22
49
63
45
57
20
36
95
14
6
3
87
42
87
0
89
37
55
86
12
59
57
24
32
7
10
81
71
4
88
40
10
4
51
63
31
5
37
83
87
27
78
50
44
72
18
25
12
28
62
37
37
14
10
8
54
23
90
68
44
42
44
61
23
68
55
73
0
78
67
78
43
90
27
11
50
27
48
7
92
6
91
99
12
62
90
87
22
35
69
1
76
83
69
5
55
69
58
29
45
12
21
37
75
68
37
60
57
8
52
11
5
11
98
66
85
89
25
68
88
43
60
2
55
83
73
17
82
72
87
15
74
61
29
13
72
0
97
95
52
29
37
76
27
81
72
44
43
30
15
11
40
45
14
88
56
43
9
56
85
44
31
51
91
86
74
61
89
31
79
37
32
0
61
2
75
98
53
94
83
25
84
13
23
18
60
88
84
2
73
27
26
55
21
28
20
0
0
58
58
57
98
38
17
52
11
46
52
58
76
8
49
50
52
26
76
49
9
48
23
84
94
73
31
11
23
3
0
34
63
67
60
89
54
98
7
84
11
7
26
22
25
42
53
13
23
53
3
88
42
57
1
49
30
35
88
80
17
57
92
88
3
49
1
5
77
45
42
47
73
78
85
90
10
31
6
87
41
50
28
56
46
71
54
81
15
32
23
83
24
44
52
70
60
26
39
18
32
43
45
50
32
90
6
22
52
17
45
43
86
93
64
73
14
69
1
12
15
52
50
92
75
21
3
64
66
33
30
27
29
40
25
18
90
28
92
17
97
47
70
28
6
47
22
30
30
33
27
11
15
68
97
51
47
16
95
34
73
79
25
18
20
52
46
56
54
83
44
52
93
92
57
36
53
96
50
8
1
14
8
0
44
3
70
75
52
61
42
73
65
55
71
80
20
90
20
67
32
67
44
14
76
86
6
87
67
91
41
7
99
11
20
9
4
93
71
53
81
76
61
52
98
22
79
52
66
28
27
90
88
33
66
13
88
35
52
27
52
56
66
94
45
34
22
53
97
75
63
76
94
77
44
47
80
30
46
79
30
44
82
15
14
48
61
59
0
44
64
61
40
43
57
18
43
93
71
24
21
37
54
86
89
20
6
14
80
50
74
25
42
71
46
98
78
56
2
96
14
65
54
50
63
17
98
66
4
57
83
90
90
37
97
84
83
60
92
29
68
71
62
5
69
73
87
41
5
82
16
45
66
14
26
69
18
86
94
51
41
42
98
40
35
38
83
69
2
27
6
68
45
4
54
20
69
7
73
58
69
42
31
34
69
7
43
10
15
93
40
5
29
32
55
20
75
61
8
31
82
51
76
84
91
10
75
70
38
35
19
67
47
95
91
22
46
72
18
77
39
82
84
88
5
63
28
8
80
4
92
19
90
29
70
87
75
48
96
42
89
65
74
50
35
81
9
23
10
17
79
90
99
2
59
91
24
95
59
43
41
27
64
36
63
42
39
51
59
58
65
33
18
91
6
70
85
68
11
98
85
38
70
61
9
88
47
83
47
48
53
1
30
44
47
31
24
20
57
63
73
45
94
75
4
52
67
51
58
5
48
94
10
70
63
95
98
4
23
35
9
30
77
90
82
14
9
88
34
72
82
75
91
16
24
59
55
48
29
45
24
24
25
89
5
39
57
15
31
79
80
88
95
72
29
19
7
42
79
47
20
86
70
8
62
4
98
58
24
42
31
77
96
92
8
56
12
55
41
44
38
24
60
6
56
56
27
58
76
18
56
27
31
46
83
36
23
48
53
8
79
44
94
45
71
41
56
54
84
43
43
32
5
40
6
5
81
4
56
9
81
6
96
96
35
59
99
77
72
24
71
64
39
80
74
99
79
19
9
8
15
88
95
27
26
10
98
44
70
14
76
19
78
44
95
76
75
51
15
49
55
13
66
99
17
67
7
18
13
67
72
70
25
48
33
91
87
19
96
27
90
40
62
4
7
35
42
41
83
29
31
54
15
78
57
48
32
53
36
70
2
45
43
99
13
36
12
21
70
21
1
